0 W 0 8
0 W 8 8
0 W 0 8
0 W 8 8
0 W 0 8
0 W 8 8
0 W 0 8
0 W 8 8
0 W 0 8
0 W 8 8
0 W 0 8
0 W 8 8
0 W 0 8
0 W 8 8
0 W 0 8
0 W 8 8
0 W 0 8
0 W 8 8
0 W 0 8
0 W 8 8
0 W 0 8
0 W 8 8
0 W 0 8
0 W 8 8
0 W 0 8
0 W 8 8
0 W 0 8
0 W 8 8
0 W 0 8
0 W 8 8
0 W 0 8
0 W 8 8
0 W 0 8
0 W 8 8
0 W 0 8
0 W 8 8
0 W 0 8
0 W 8 8
0 W 0 8
0 W 8 8
0 W 0 8
0 W 8 8
0 W 0 8
0 W 8 8
0 W 0 8
0 W 8 8
0 W 0 8
0 W 8 8
0 W 0 8
0 W 8 8
0 W 0 8
0 W 8 8
0 W 0 8
0 W 8 8
0 W 0 8
0 W 8 8
0 W 0 8
0 W 8 8
0 W 0 8
0 W 8 8
0 W 0 8
0 W 8 8
0 W 0 8
0 W 8 8
0 W 0 8
0 W 8 8
0 W 0 8
0 W 8 8
0 W 0 8
0 W 8 8
0 W 0 8
0 W 8 8
0 W 0 8
0 W 8 8
0 W 0 8
0 W 8 8
0 W 0 8
0 W 8 8
0 W 0 8
0 W 8 8
0 W 0 8
0 W 8 8
0 W 0 8
0 W 8 8
0 W 0 8
0 W 8 8
0 W 0 8
0 W 8 8
0 W 0 8
0 W 8 8
0 W 0 8
0 W 8 8
0 W 0 8
0 W 8 8
0 W 0 8
0 W 8 8
0 W 0 8
0 W 8 8
0 W 0 8
0 W 8 8
0 W 0 8
0 W 8 8
0 W 0 8
0 W 8 8
0 W 0 8
0 W 8 8
0 W 0 8
0 W 8 8
0 W 0 8
0 W 8 8
0 W 0 8
0 W 8 8
0 W 0 8
0 W 8 8
0 W 0 8
0 W 8 8
0 W 0 8
0 W 8 8
0 W 0 8
0 W 8 8
0 W 0 8
0 W 8 8
0 W 0 8
0 W 8 8
0 W 0 8
0 W 8 8
0 W 0 8
0 W 8 8